95987945
95987945
95987945
95987945
95987945
95987945
95987945
95987945
95987945
95987945
95987945
95987945
95987945
95987945
95987945
95987945
95987945
95987945
95987945
95987945
95987945
95987945
95987945
95987945
95987945
95987945
95987945
95987945
95987945
95987945
95987945
95987945
95987945
95987945
95987945
95987945
95987945
95987945
95987945
95987945
95987945
95987945
95987945
95987945
95987945
95987945
95987945
95987945
95987945
95987945
95987945
95987945
95987945
95987945
95987945
95987945
95987945
95987945
95987945
95987945
95987945
95987945
95987945
95987945
95987945
95987945
95987945
95987945
95987945
95987945
95987945
95987945
95987945
95987945
95987945
95987945
95987945
95987945
95987945
95987945
95987945
95987945
95987945
95987945
95987945
95987945
95987945
95987945
95987945
95987945
95987945
95987945
95987945
